$coord
         -6.477036440494         -1.927866682459         -0.053127907399     c 
         -3.883453845170         -0.908758267731         -0.048351652249     c 
         -3.345823443436          1.672131343795         -0.033130026154     c 
         -5.315191822910          3.652689856414         -0.016182317057     c 
         -8.001912633583          2.535855894875         -0.462808976358     c 
         -8.341705754220          0.020104433277          0.737080289266     n 
         -1.570740879950         -2.154754963154         -0.061726060236     c 
          0.300610156090         -0.292943251079         -0.024715212087     c 
         -0.817501126585          1.988674577589         -0.005372923062     n 
         -0.944446436671         -4.736697062580         -0.077512964647     c 
          1.635096948528         -5.418740024884         -0.062983455095     c 
          3.529364748923         -3.537054119056         -0.029420226535     c 
          2.877708909080         -0.948258210295         -0.008049432531     c 
          5.375883690571          1.521275043080          0.034891298662     br
         -6.607297371731         -3.493999670259          1.282030154221     h 
         -6.938507209892         -2.625504444868         -1.939342287515     h 
         -4.905122494958          5.033314778470         -1.495097545626     h 
         -5.247795408282          4.620416469311          1.806044397914     h 
         -8.361559492928          2.367895428202         -2.490643995273     h 
         -9.419517572020          3.818405907400          0.319808786126     h 
        -10.084292768247         -0.627306442030          0.210008774107     h 
          0.053431178899          3.601602415583          0.023185902870     h 
         -2.320916843992         -6.091300994014         -0.095251164367     h 
          2.128813615016         -7.285942746204         -0.072585233969     h 
          5.387359618861         -4.066932650771         -0.019636149248     h 
$end
