           1           2   1.01122666427700     
           2           3   1.54288541834798     
           3           4   1.02338868706996     
           4           5  0.996213582118329     
           1           6   1.01376313386526     
           5           6   1.01717502541828     
           2           7   1.21616576410169     
           7           8   1.21401307321728     
           3           9   1.17662571410504     
           8           9   1.19526254122352     
           7          10   1.33369949578989     
          10          11   1.49647730422492     
          11          12   1.36817775724914     
           8          13   1.32777611311887     
          12          13   1.45416442392548     
          13          14  0.942250492258814     
           1          15  0.965500971351844     
           1          16  0.952594547294118     
           4          17  0.964819075505648     
           4          18  0.954666486162849     
           5          19  0.967483749874904     
           5          20  0.976603625852001     
           6          21  0.954491525840298     
           9          22  0.929354274849186     
          10          23  0.968216292422429     
          11          24  0.968981736248914     
          12          25  0.969642358767148     
